109,6,23,29
modulo,19,87,106
color,6,29,35
:),4,20,24
count,10,52,62
1000000007,4,23,27
element,6,36,42
huge,3,18,21
permutation,4,25,29
arrays,3,19,22
far,0,22,22
digit,0,29,29
undirected,0,21,21
nodes,0,39,39
program,0,74,74
(in,0,27,27
query,0,46,46
per,0,21,21
four,0,34,34
code,0,21,21
