1097,21,37,58
modulo,16,52,68
ways,17,67,84
large,15,89,104
considered,15,97,112
distinct,19,132,151
print,13,96,109
answer,10,80,90
count,9,79,88
nm,7,62,69
vertices,0,59,59
amount,0,79,79
values,0,94,94
start,0,74,74
n1,0,73,73
whether,0,73,73
maximum,0,196,196
immediately,0,52,52
graph,0,52,52
v,0,67,67
