1097,37,17,54
modulo,31,27,58
ways,33,44,77
large,43,58,101
result,27,47,74
test512,18,33,51
strictly,21,39,60
good,25,47,72
bi,18,34,52
d,89,169,258
use,13,74,87
always,10,58,68
see,9,58,67
whether,10,65,75
three,15,108,123
system,7,53,60
come,7,54,61
4,9,70,79
element,6,55,61
berland,6,56,62
