modulo,29,42,71
large,59,112,171
strictly,22,45,67
test512,20,44,64
amount,28,67,95
d,85,207,292
list,20,49,69
substring,17,42,59
buy,19,47,66
present,15,38,53
point,23,181,204
minimal,6,48,54
show,11,93,104
become,10,85,95
berland,8,69,77
accord,7,65,72
person,6,61,67
multiple,6,62,68
side,9,97,106
be,5,57,62
