exists,22,40,62
digits,23,45,68
1097,20,40,60
modulo,23,48,71
integer,78,170,248
see,22,49,71
since,21,47,68
positive,49,111,160
assume,26,60,86
its,16,37,53
described,7,80,87
tree,6,70,76
road,5,60,65
edges,4,48,52
strings,5,63,68
roads,5,63,68
cities,4,55,59
connected,7,107,114
graph,3,52,55
letters,3,70,73
